Level	Amazon	Sorceress	Necromancer	Paladin	Barbarian	Druid	Assassin	ExpRatio	XpRatioFct	Ratio Change	effort	total eff			
MaxLvl	150	150	150	150	150	150	150	11	0.005371094						
0	0	0	0	0	0	0	0	1800	0.87890625		0	0			
1	500	500	500	500	500	500	500	1800	0.87890625	0.00%	1	1			
2	1500	1500	1500	1500	1500	1500	1500	1800	0.87890625	0.00%	2	2			
3	3500	3500	3500	3500	3500	3500	3500	1800	0.87890625	0.00%	4	6			
4	6500	6500	6500	6500	6500	6500	6500	1800	0.87890625	0.00%	7	14			
5	11500	11500	11500	11500	11500	11500	11500	1800	0.87890625	0.00%	13	27			
6	16000	16000	16000	16000	16000	16000	16000	1700	0.830078125	-5.56%	19	46			
7	22000	22000	22000	22000	22000	22000	22000	1700	0.830078125	0.00%	27	73			
8	29000	29000	29000	29000	29000	29000	29000	1700	0.830078125	0.00%	35	107			
9	37000	37000	37000	37000	37000	37000	37000	1700	0.830078125	0.00%	45	152			
10	46000	46000	46000	46000	46000	46000	46000	1700	0.830078125	0.00%	55	207			
11	56000	56000	56000	56000	56000	56000	56000	1700	0.830078125	0.00%	67	275			
12	67000	67000	67000	67000	67000	67000	67000	1700	0.830078125	0.00%	81	356			
13	79000	79000	79000	79000	79000	79000	79000	1700	0.830078125	0.00%	95	451			
14	92000	92000	92000	92000	92000	92000	92000	1700	0.830078125	0.00%	111	562			
15	106000	106000	106000	106000	106000	106000	106000	1700	0.830078125	0.00%	128	689			
16	121000	121000	121000	121000	121000	121000	121000	1700	0.830078125	0.00%	146	835			
17	137000	137000	137000	137000	137000	137000	137000	1700	0.830078125	0.00%	165	"1,000"			
18	154000	154000	154000	154000	154000	154000	154000	1700	0.830078125	0.00%	186	"1,186"			
19	172000	172000	172000	172000	172000	172000	172000	1700	0.830078125	0.00%	207	"1,393"			
20	191000	191000	191000	191000	191000	191000	191000	1700	0.830078125	0.00%	230	"1,623"			
21	211000	211000	211000	211000	211000	211000	211000	1700	0.830078125	0.00%	254	"1,877"			
22	232000	232000	232000	232000	232000	232000	232000	1700	0.830078125	0.00%	279	"2,157"			
23	254000	254000	254000	254000	254000	254000	254000	1700	0.830078125	0.00%	306	"2,463"			
24	277000	277000	277000	277000	277000	277000	277000	1700	0.830078125	0.00%	334	"2,796"			
25	301000	301000	301000	301000	301000	301000	301000	1700	0.830078125	0.00%	363	"3,159"			
26	326000	326000	326000	326000	326000	326000	326000	1700	0.830078125	0.00%	393	"3,552"			
27	352000	352000	352000	352000	352000	352000	352000	1700	0.830078125	0.00%	424	"3,976"			
28	379000	379000	379000	379000	379000	379000	379000	1700	0.830078125	0.00%	457	"4,432"			
29	407000	407000	407000	407000	407000	407000	407000	1700	0.830078125	0.00%	490	"4,923"			
30	436000	436000	436000	436000	436000	436000	436000	1700	0.830078125	0.00%	525	"5,448"			
31	466000	466000	466000	466000	466000	466000	466000	1700	0.830078125	0.00%	561	"6,009"			
32	497000	497000	497000	497000	497000	497000	497000	1700	0.830078125	0.00%	599	"6,608"			
33	529000	529000	529000	529000	529000	529000	529000	1700	0.830078125	0.00%	637	"7,245"			
34	562000	562000	562000	562000	562000	562000	562000	1700	0.830078125	0.00%	677	"7,922"			
35	596000	596000	596000	596000	596000	596000	596000	1700	0.830078125	0.00%	718	"8,640"			
36	631000	631000	631000	631000	631000	631000	631000	1700	0.830078125	0.00%	760	"9,401"			
37	667000	667000	667000	667000	667000	667000	667000	1700	0.830078125	0.00%	804	"10,204"			
38	704000	704000	704000	704000	704000	704000	704000	1700	0.830078125	0.00%	848	"11,052"			
39	742000	742000	742000	742000	742000	742000	742000	1700	0.830078125	0.00%	894	"11,946"			
40	781000	781000	781000	781000	781000	781000	781000	1700	0.830078125	0.00%	941	"12,887"			
41	821000	821000	821000	821000	821000	821000	821000	1700	0.830078125	0.00%	989	"13,876"			
42	862000	862000	862000	862000	862000	862000	862000	1700	0.830078125	0.00%	"1,038"	"14,914"			
43	904000	904000	904000	904000	904000	904000	904000	1700	0.830078125	0.00%	"1,089"	"16,004"			
44	947000	947000	947000	947000	947000	947000	947000	1700	0.830078125	0.00%	"1,141"	"17,144"			
45	991000	991000	991000	991000	991000	991000	991000	1700	0.830078125	0.00%	"1,194"	"18,338"			
46	1036000	1036000	1036000	1036000	1036000	1036000	1036000	1700	0.830078125	0.00%	"1,248"	"19,586"			
47	1082000	1082000	1082000	1082000	1082000	1082000	1082000	1700	0.830078125	0.00%	"1,303"	"20,890"			
48	1129000	1129000	1129000	1129000	1129000	1129000	1129000	1700	0.830078125	0.00%	"1,360"	"22,250"			
49	1177000	1177000	1177000	1177000	1177000	1177000	1177000	1700	0.830078125	0.00%	"1,418"	"23,668"			
50	1226000	1226000	1226000	1226000	1226000	1226000	1226000	1700	0.830078125	0.00%	"1,477"	"25,145"			
51	1276000	1276000	1276000	1276000	1276000	1276000	1276000	1700	0.830078125	0.00%	"1,537"	"26,682"			
52	1327000	1327000	1327000	1327000	1327000	1327000	1327000	1700	0.830078125	0.00%	"1,599"	"28,281"			
53	1379000	1379000	1379000	1379000	1379000	1379000	1379000	1700	0.830078125	0.00%	"1,661"	"29,942"			
54	1432000	1432000	1432000	1432000	1432000	1432000	1432000	1700	0.830078125	0.00%	"1,725"	"31,667"			
55	1486000	1486000	1486000	1486000	1486000	1486000	1486000	1700	0.830078125	0.00%	"1,790"	"33,457"			
56	1541000	1541000	1541000	1541000	1541000	1541000	1541000	1700	0.830078125	0.00%	"1,856"	"35,314"			
57	1597000	1597000	1597000	1597000	1597000	1597000	1597000	1700	0.830078125	0.00%	"1,924"	"37,238"			
58	1654000	1654000	1654000	1654000	1654000	1654000	1654000	1700	0.830078125	0.00%	"1,993"	"39,230"			
59	1712000	1712000	1712000	1712000	1712000	1712000	1712000	1700	0.830078125	0.00%	"2,062"	"41,293"			
60	1771000	1771000	1771000	1771000	1771000	1771000	1771000	1700	0.830078125	0.00%	"2,134"	"43,426"			
61	1831000	1831000	1831000	1831000	1831000	1831000	1831000	1700	0.830078125	0.00%	"2,206"	"45,632"			
62	1892000	1892000	1892000	1892000	1892000	1892000	1892000	1700	0.830078125	0.00%	"2,279"	"47,911"			
63	1954000	1954000	1954000	1954000	1954000	1954000	1954000	1700	0.830078125	0.00%	"2,354"	"50,265"			
64	2017000	2017000	2017000	2017000	2017000	2017000	2017000	1700	0.830078125	0.00%	"2,430"	"52,695"			
65	2081000	2081000	2081000	2081000	2081000	2081000	2081000	1700	0.830078125	0.00%	"2,507"	"55,202"			
66	2146000	2146000	2146000	2146000	2146000	2146000	2146000	1700	0.830078125	0.00%	"2,585"	"57,788"			
67	2212000	2212000	2212000	2212000	2212000	2212000	2212000	1700	0.830078125	0.00%	"2,665"	"60,452"			
68	2279000	2279000	2279000	2279000	2279000	2279000	2279000	1700	0.830078125	0.00%	"2,746"	"63,198"			
69	2347000	2347000	2347000	2347000	2347000	2347000	2347000	1700	0.830078125	0.00%	"2,827"	"66,025"			
70	2416000	2416000	2416000	2416000	2416000	2416000	2416000	1700	0.830078125	0.00%	"2,911"	"68,936"			
71	2486000	2486000	2486000	2486000	2486000	2486000	2486000	1700	0.830078125	0.00%	"2,995"	"71,931"			
72	2557000	2557000	2557000	2557000	2557000	2557000	2557000	1700	0.830078125	0.00%	"3,080"	"75,011"			
73	2629000	2629000	2629000	2629000	2629000	2629000	2629000	1700	0.830078125	0.00%	"3,167"	"78,178"			
74	2702000	2702000	2702000	2702000	2702000	2702000	2702000	1700	0.830078125	0.00%	"3,255"	"81,434"			
75	2776000	2776000	2776000	2776000	2776000	2776000	2776000	1700	0.830078125	0.00%	"3,344"	"84,778"			
76	2851000	2851000	2851000	2851000	2851000	2851000	2851000	1700	0.830078125	0.00%	"3,435"	"88,212"			
77	2927000	2927000	2927000	2927000	2927000	2927000	2927000	1700	0.830078125	0.00%	"3,526"	"91,739"			
78	3004000	3004000	3004000	3004000	3004000	3004000	3004000	1700	0.830078125	0.00%	"3,619"	"95,358"			
79	3082000	3082000	3082000	3082000	3082000	3082000	3082000	1700	0.830078125	0.00%	"3,713"	"99,070"			
80	3161000	3161000	3161000	3161000	3161000	3161000	3161000	1700	0.830078125	0.00%	"3,808"	"102,879"			
81	3241000	3241000	3241000	3241000	3241000	3241000	3241000	1700	0.830078125	0.00%	"3,904"	"106,783"			
82	3322000	3322000	3322000	3322000	3322000	3322000	3322000	1700	0.830078125	0.00%	"4,002"	"110,785"			
83	3404000	3404000	3404000	3404000	3404000	3404000	3404000	1700	0.830078125	0.00%	"4,101"	"114,886"			
84	3487000	3487000	3487000	3487000	3487000	3487000	3487000	1700	0.830078125	0.00%	"4,201"	"119,087"			
85	3571000	3571000	3571000	3571000	3571000	3571000	3571000	1700	0.830078125	0.00%	"4,302"	"123,389"			
86	3656000	3656000	3656000	3656000	3656000	3656000	3656000	1700	0.830078125	0.00%	"4,404"	"127,793"			
87	3742000	3742000	3742000	3742000	3742000	3742000	3742000	1700	0.830078125	0.00%	"4,508"	"132,301"			
88	3829000	3829000	3829000	3829000	3829000	3829000	3829000	1700	0.830078125	0.00%	"4,613"	"136,914"			
89	3917000	3917000	3917000	3917000	3917000	3917000	3917000	1700	0.830078125	0.00%	"4,719"	"141,633"			
90	4006000	4006000	4006000	4006000	4006000	4006000	4006000	1700	0.830078125	0.00%	"4,826"	"146,459"			
91	4096000	4096000	4096000	4096000	4096000	4096000	4096000	1700	0.830078125	0.00%	"4,934"	"151,393"			
92	4187000	4187000	4187000	4187000	4187000	4187000	4187000	1700	0.830078125	0.00%	"5,044"	"156,437"			
93	4279000	4279000	4279000	4279000	4279000	4279000	4279000	1700	0.830078125	0.00%	"5,155"	"161,592"			
94	4372000	4372000	4372000	4372000	4372000	4372000	4372000	1700	0.830078125	0.00%	"5,267"	"166,859"			
95	4466000	4466000	4466000	4466000	4466000	4466000	4466000	1700	0.830078125	0.00%	"5,380"	"172,239"			
96	4561000	4561000	4561000	4561000	4561000	4561000	4561000	1620	0.791015625	-4.71%	"5,766"	"178,005"			
97	4657000	4657000	4657000	4657000	4657000	4657000	4657000	1470	0.717773438	-9.26%	"6,488"	"184,494"			
98	4754000	4754000	4754000	4754000	4754000	4754000	4754000	1160	0.56640625	-21.09%	"8,393"	"192,887"			
99	4852000	4852000	4852000	4852000	4852000	4852000	4852000	921	0.449462891	-20.65%	"10,795"	"203,682"			
100	4951001	4951001	4951001	4951001	4951001	4951001	4951001	736	0.359570313	-20.00%	"13,769"	"217,451"			
101	5051003	5051003	5051003	5051003	5051003	5051003	5051003	589	0.287536621	-20.03%	"17,566"	"235,018"			
102	5152007	5152007	5152007	5152007	5152007	5152007	5152007	471	0.229858398	-20.06%	"22,414"	"257,431"			
103	5254013	5254013	5254013	5254013	5254013	5254013	5254013	376	0.18371582	-20.07%	"28,599"	"286,030"			
104	5357021	5357021	5357021	5357021	5357021	5357021	5357021	301	0.146972656	-20.00%	"36,449"	"322,479"		1.25	
105	5461032	5461032	5461032	5461032	5461032	5461032	5461032	241	0.117492676	-20.06%	"46,480"	"368,959"			
106	5566047	5566047	5566047	5566047	5566047	5566047	5566047	193	0.093994141	-20.00%	"59,217"	"428,176"			
107	5672067	5672067	5672067	5672067	5672067	5672067	5672067	154	0.075195313	-20.00%	"75,431"	"503,607"			
108	5779093	5779093	5779093	5779093	5779093	5779093	5779093	123	0.060241699	-19.89%	"95,932"	"599,539"			
109	5887126	5887126	5887126	5887126	5887126	5887126	5887126	99	0.048278809	-19.86%	"121,940"	"721,479"			
110	5996168	5996168	5996168	5996168	5996168	5996168	5996168	79	0.038452148	-20.35%	"155,938"	"877,417"			
111	6106221	6106221	6106221	6106221	6106221	6106221	6106221	63	0.030761719	-20.00%	"198,501"	"1,075,918"			
112	6217289	6217289	6217289	6217289	6217289	6217289	6217289	49	0.023925781	-22.22%	"259,857"	"1,335,775"			
113	6329375	6329375	6329375	6329375	6329375	6329375	6329375	39	0.019226074	-19.64%	"329,208"	"1,664,983"			
114	6442483	6442483	6442483	6442483	6442483	6442483	6442483	31	0.015258789	-20.63%	"422,215"	"2,087,198"			
115	6556619	6556619	6556619	6556619	6556619	6556619	6556619	24	0.01159668	-24.00%	"565,388"	"2,652,585"			
116	6671790	6671790	6671790	6671790	6671790	6671790	6671790	18	0.008544922	-26.32%	"780,790"	"3,433,375"			
117	6788004	6788004	6788004	6788004	6788004	6788004	6788004	13	0.006103516	-28.57%	"1,112,147"	"4,545,522"			
118	6905273	6905273	6905273	6905273	6905273	6905273	6905273	9	0.004394531	-28.00%	"1,571,333"	"6,116,855"			1
119	7023609	7023609	7023609	7023609	7023609	7023609	7023609	7	0.003417969	-22.22%	"2,054,907"	"8,171,762"			
120	7143029	7143029	7143029	7143029	7143029	7143029	7143029	5	0.002441406	-28.57%	"2,925,785"	"11,097,547"			
121	7263555	7263555	7263555	7263555	7263555	7263555	7263555	5	0.002441406	0.00%	"2,975,152"	"14,072,699"			
122	7385213	7385213	7385213	7385213	7385213	7385213	7385213	5	0.002441406	0.00%	"3,024,983"	"17,097,682"			
123	7508034	7508034	7508034	7508034	7508034	7508034	7508034	5	0.002441406	0.00%	"3,075,291"	"20,172,973"			
124	7632061	7632061	7632061	7632061	7632061	7632061	7632061	4	0.001953125	-20.00%	"3,907,615"	"24,080,589"			
125	7757344	7757344	7757344	7757344	7757344	7757344	7757344	4	0.001953125	0.00%	"3,971,760"	"28,052,349"			
126	7883947	7883947	7883947	7883947	7883947	7883947	7883947	4	0.001953125	0.00%	"4,036,581"	"32,088,929"			
127	8011948	8011948	8011948	8011948	8011948	8011948	8011948	4	0.001953125	0.00%	"4,102,117"	"36,191,047"			
128	8141447	8141447	8141447	8141447	8141447	8141447	8141447	4	0.001953125	0.00%	"4,168,421"	"40,359,468"			
129	8272568	8272568	8272568	8272568	8272568	8272568	8272568	3	0.001464844	-25.00%	"5,647,407"	"46,006,874"			
130	8405465	8405465	8405465	8405465	8405465	8405465	8405465	3	0.001464844	0.00%	"5,738,131"	"51,745,005"			
131	8540331	8540331	8540331	8540331	8540331	8540331	8540331	3	0.001464844	0.00%	"5,830,199"	"57,575,205"			
132	8677406	8677406	8677406	8677406	8677406	8677406	8677406	3	0.001464844	0.00%	"5,923,776"	"63,498,981"			
133	8816991	8816991	8816991	8816991	8816991	8816991	8816991	3	0.001464844	0.00%	"6,019,066"	"69,518,047"			
134	8959461	8959461	8959461	8959461	8959461	8959461	8959461	3	0.001464844	0.00%	"6,116,325"	"75,634,372"			
135	9105282	9105282	9105282	9105282	9105282	9105282	9105282	3	0.001464844	0.00%	"6,215,873"	"81,850,245"			
136	9255041	9255041	9255041	9255041	9255041	9255041	9255041	3	0.001464844	0.00%	"6,318,108"	"88,168,353"			
137	9409466	9409466	9409466	9409466	9409466	9409466	9409466	3	0.001464844	0.00%	"6,423,529"	"94,591,881"			
138	9569467	9569467	9569467	9569467	9569467	9569467	9569467	3	0.001464844	0.00%	"6,532,756"	"101,124,637"			
139	9736181	9736181	9736181	9736181	9736181	9736181	9736181	3	0.001464844	0.00%	"6,646,566"	"107,771,204"			
140	9911026	9911026	9911026	9911026	9911026	9911026	9911026	2	0.000976563	-33.33%	"10,148,891"	"117,920,095"			
141	10095774	10095774	10095774	10095774	10095774	10095774	10095774	2	0.000976563	0.00%	"10,338,073"	"128,258,167"			
142	10292636	10292636	10292636	10292636	10292636	10292636	10292636	2	0.000976563	0.00%	"10,539,659"	"138,797,826"			
143	10504370	10504370	10504370	10504370	10504370	10504370	10504370	2	0.000976563	0.00%	"10,756,475"	"149,554,301"			
144	10734423	10734423	10734423	10734423	10734423	10734423	10734423	2	0.000976563	0.00%	"10,992,049"	"160,546,350"			
145	10987094	10987094	10987094	10987094	10987094	10987094	10987094	2	0.000976563	0.00%	"11,250,784"	"171,797,134"			
146	11267753	11267753	11267753	11267753	11267753	11267753	11267753	2	0.000976563	0.00%	"11,538,179"	"183,335,313"			
147	11583101	11583101	11583101	11583101	11583101	11583101	11583101	2	0.000976563	0.00%	"11,861,095"	"195,196,409"			
148	11941504	11941504	11941504	11941504	11941504	11941504	11941504	2	0.000976563	0.00%	"12,228,100"	"207,424,509"			
149	12353407	12353407	12353407	12353407	12353407	12353407	12353407	2	0.000976563	0.00%	"12,649,888"	"220,074,398"			
150	12831845	12831845	12831845	12831845	12831845	12831845	12831845	2	0.000976563	0.00%	"13,139,809"	"233,214,207"			
151	13393094	13393094	13393094	13393094	13393094	13393094	13393094	2	0.000976563	0.00%	"13,714,528"	"246,928,735"			
152	14057469	14057469	14057469	14057469	14057469	14057469	14057469	2	0.000976563	0.00%	"14,394,849"	"261,323,583"			
153	14850333	14850333	14850333	14850333	14850333	14850333	14850333	2	0.000976563	0.00%	"15,206,741"	"276,530,324"			
154	15803343	15803343	15803343	15803343	15803343	15803343	15803343	2	0.000976563	0.00%	"16,182,623"	"292,712,947"			
155	16956021	16956021	16956021	16956021	16956021	16956021	16956021	2	0.000976563	0.00%	"17,362,966"	"310,075,913"			
156	18357703	18357703	18357703	18357703	18357703	18357703	18357703	2	0.000976563	0.00%	"18,798,288"	"328,874,201"			
157	20069975	20069975	20069975	20069975	20069975	20069975	20069975	2	0.000976563	0.00%	"20,551,654"	"349,425,855"			
158	22169717	22169717	22169717	22169717	22169717	22169717	22169717	2	0.000976563	0.00%	"22,701,791"	"372,127,646"			
159	24752903	24752903	24752903	24752903	24752903	24752903	24752903	2	0.000976563	0.00%	"25,346,973"	"397,474,619"			
160	27939338	27939338	27939338	27939338	27939338	27939338	27939338	2	0.000976563	0.00%	"28,609,882"	"426,084,501"			
161	31878578	31878578	31878578	31878578	31878578	31878578	31878578	2	0.000976563	0.00%	"32,643,664"	"458,728,166"			
162	36757320	36757320	36757320	36757320	36757320	36757320	36757320	2	0.000976563	0.00%	"37,639,496"	"496,367,662"			
163	42808623	42808623	42808623	42808623	42808623	42808623	42808623	2	0.000976563	0.00%	"43,836,030"	"540,203,692"			
164	50323420	50323420	50323420	50323420	50323420	50323420	50323420	2	0.000976563	0.00%	"51,531,182"	"591,734,874"			
165	59664894	59664894	59664894	59664894	59664894	59664894	59664894	2	0.000976563	0.00%	"61,096,852"	"652,831,726"			
166	71286417	71286417	71286417	71286417	71286417	71286417	71286417	2	0.000976563	0.00%	"72,997,291"	"725,829,017"			
167	85753945	85753945	85753945	85753945	85753945	85753945	85753945	2	0.000976563	0.00%	"87,812,039"	"813,641,056"			
168	103773980	103773980	103773980	103773980	103773980	103773980	103773980	2	0.000976563	0.00%	"106,264,555"	"919,905,611"			
169	126228470	126228470	126228470	126228470	126228470	126228470	126228470	2	0.000976563	0.00%	"129,257,953"	"1,049,163,564"			
170	154218377	154218377	154218377	154218377	154218377	154218377	154218377	2	0.000976563	0.00%	"157,919,618"	"1,207,083,182"			
171	189118067	189118067	189118067	189118067	189118067	189118067	189118067	2	0.000976563	0.00%	"193,656,900"	"1,400,740,082"			
172	232643200	232643200	232643200	232643200	232643200	232643200	232643200	2	0.000976563	0.00%	"238,226,637"	"1,638,966,719"			
173	286935490	286935490	286935490	286935490	286935490	286935490	286935490	2	0.000976563	0.00%	"293,821,942"	"1,932,788,661"			
174	354668503	354668503	354668503	354668503	354668503	354668503	354668503	2	0.000976563	0.00%	"363,180,547"	"2,295,969,208"			
175	439179731	439179731	439179731	439179731	439179731	439179731	439179731	2	0.000976563	0.00%	"449,720,045"	"2,745,689,253"			
176	544635471	544635471	544635471	544635471	544635471	544635471	544635471	2	0.000976563	0.00%	"557,706,722"	"3,303,395,975"			
177	676236636	676236636	676236636	676236636	676236636	676236636	676236636	2	0.000976563	0.00%	"692,466,315"	"3,995,862,291"			
178	840475685	840475685	840475685	840475685	840475685	840475685	840475685	2	0.000976563	0.00%	"860,647,101"	"4,856,509,392"			
179	1045457354	1045457354	1045457354	1045457354	1045457354	1045457354	1045457354	2	0.000976563	0.00%	"1,070,548,330"	"5,927,057,722"			
180	0	0	0	0	0	0	0	0	0	-100.00%	0	0			
181	0	0	0	0	0	0	0	0	0	0.00%	0	0			
