0
1000
2000
4000
7000
11000
16000
22000
29000
37000
46000
56000
67000
79000
92000
106000
121000
137000
154000
172000
191000
211000
232000
254000
277000
301000
326000
352000
379000
407000
436000
466000
497000
529000
562000
596000
631000
667000
704000
742000
781000
821000
862000
904000
947000
991000
1036000
1082000
1129000
1177000
1226000
1276000
1327000
1379000
1432000
1486000
1541000
1597000
1654000
1712000
1771000
1831000
1892000
1954000
2017000
2081000
2146000
2212000
2279000
2347000
2416000
2486000
2557000
2629000
2702000
2776000
2851000
2927000
3004000
3082000
3161000
3241000
3322000
3404000
3487000
3571000
3656000
3742000
3829000
3917000
4006000
4096000
4187000
4279000
4372000
4466000
4561000
4657000
4754000
4852000
4951000
5051000
5152000
5254000
5357000
5461000
5566000
5672000
5779000
5887000
5996000
6106000
6217000
6329000
6442000
6556000
6671000
6787000
6904000
7022000
54000000 
180000000 
420000000 
680000000 
1000000000 
