#code	name	class	tab	row	col
0	Атака	-1	0	0	0
1	Пинок	-1	0	0	0
2	Бросок	-1	0	0	0
3	Изгнать	-1	0	0	0
4	Бросок левой рукой	-1	0	0	0
5	Свинг левой рукой	-1	0	0	0
6	Magic Arrow	-1	1	1	2
7	Fire Arrow	-1	1	1	3
8	Удар Титана	-1	0	0	0
9	Удар Титана	-1	0	0	0
10	Jab	-1	3	1	1
11	Cold Arrow	-1	1	2	1
12	Multiple Shot	-1	1	2	2
13	Фрагментационный Выстрел	-1	0	0	0
14	Power Strike	-1	3	2	2
15	Шунпо	-1	0	0	0
16	Exploding Arrow	-1	1	3	3
17	Удар Смерти	-1	0	0	0
18	Уничтожитель Душ	-1	0	0	0
19	Удар Черного Лотоса	-1	0	0	0
20	Цветок Смерти	-1	0	0	0
21	Святая Ловушка	-1	0	0	0
22	Тотем Бомбы Страха	-1	0	0	0
23	Цепной Выстрел	-1	3	3	1
24	АХЕРЕТЬ	-1	0	0	0
25		-1			
26		-1			
27	Вращение к Победе	-1	0	0	0
28	Каменная Встряска	-1	0	0	0
29	Нечестивая Броня	-1	0	0	0
30	Дождь Бомб	-1	0	0	0
31		-1			
32	Нечестивая Броня	-1	0	0	0
33		-1			
34	Суперзверь	-1	3	2	3
35		-1			
36	Fire Bolt	-1	1	1	2
37		-1			
38	Charged Bolt	-1	2	1	2
39		-1			
40		-1			
41		-1			
42	Static Field	-1	2	2	1
43		-1			
44	Frost Nova	-1	3	2	1
45		-1			
46		-1			
47		-1			
48	Nova	-1	2	3	1
49	Lightning	-1	2	3	2
50	Время Молота	-1	0	0	0
51	Fire Wall	-1	1	4	1
52	Реабилитация	-1	0	0	0
53		-1			
54	Телепорт	-1	2	4	3
55		-1			
56		-1			
57	Тотем Притока Маны	-1	0	0	0
58	Элементальный Тотем	-1	0	0	0
59	Натиск	-1	1	2	3
60	Спиральный Танец	-1	0	0	0
61		-1			
62	Врата Аида	-1	0	0	0
63	Звездный Огонь	-1	0	0	0
64	Frozen Orb	-1	3	6	1
65	Кровавая Баня	-1	0	0	0
66	Усиление Урона	-1	1	1	2
67	Облик Коровы	-1	0	0	0
68	Пляска Смерти	-1	0	0	0
69		-1			
70	Raise Skeleton	-1	3	1	3
71	Dim Vision	-1	1	2	1
72		-1			
73		-1			
74	Corpse Explosion	-1	2	2	2
75		-1			
76	Гнев	-1	0	0	0
77	Terror	-1	1	3	3
78	Нова Дротиков	-1	0	0	0
79		-1			
80	Raise Skeletal Mage	-1	3	3	3
81		-1			
82		-1			
83	Страж Тотемов	-1	0	0	0
84		-1			
85		-1			
86		-1			
87	Decrepify	-1	1	5	3
88	Bone Prison	-1	2	5	3
89	APF-10 'Вихрь' N°IV	-1	2	4	1
90		-1			
91	Lower Resist	-1	1	6	2
92		-1			
93		-1			
94		-1			
95	Revive	-1	3	6	3
96	Жажда Крови	-1	0	0	0
97	Smite	-1	1	1	3
98	Околдовывание	-1	3	4	3
99	Жажда Крови	-1	0	0	0
100	Resist Fire	-1	3	1	3
101	Паразит	-1	2	4	1
102	Барьерный Удар	-1	1	4	1
103	Thorns	-1	2	2	3
104	Ледяное Копье	-1	0	0	0
105	Resist Cold	-1	3	2	3
106		-1			
107	Charge	-1	1	3	3
108	Адские Врата	-1	0	0	0
109	Горящая Завеса	-1	0	0	0
110	Resist Lightning	-1	3	3	3
111	Fire Fountain	-1	0	0	0
112		-1			
113	Concentration	-1	2	4	1
114	Мифал	-1	2	4	3
115		-1			
116	Детонация	-1	0	0	0
117	Погребальный Огонь	-1	2	2	3
118	Хунфор	-1	0	0	0
119	Гроза с Градом	-1	0	0	0
120	Гамма-Поле	-1	0	0	0
121	Псио-Шторм	-1	3	4	1
122	Fanaticism	-1	2	6	1
123	Conviction	-1	2	6	3
124	Redemption	-1	3	6	2
125	Salvation	-1	3	6	3
126	Bash	-1	1	1	2
127	Удар Двойного Клыка	-1	1	3	3
128	Удар Двойного Клыка	-1	1	3	3
129	Стена Силы	-1	0	0	0
130		-1			
131	Реабилитация	-1	0	0	0
132	Leap	-1	1	2	1
133	Double Swing	-1	1	2	3
134	Клеймо Огня	-1	0	0	0
135		-1			
136		-1			
137	Насмешка	-1	3	2	1
138	Shout	-1	3	2	2
139	Больной Скот	-1	0	0	0
140	Double Throw	-1	1	3	3
141		-1			
142	Нова Огненных Шаров	-1	0	0	0
143	Leap Attack	-1	1	4	1
144	Режущий Клинок	-1	0	0	0
145	Огненная Канонада	-1	0	0	0
146		-1			
147		-1			
148		-1			
149		-1			
150	Удар Черного Лотоса	-1	0	0	0
151	Whirlwind	-1	1	6	1
152		-1			
153	Бомба Новы	-1	0	0	0
154	Жертвенная Бомба	-1	0	0	0
155	Кассетная Бомба	-1	2	1	3
156		-1			
157		-1			
158		-1			
159		-1			
160		-1			
161		-1			
162		-1			
163		-1			
164		-1			
165		-1			
166		-1			
167		-1			
168		-1			
169		-1			
170		-1			
171		-1			
172		-1			
173		-1			
174		-1			
175		-1			
176		-1			
177	Рысканье	-1	0	0	0
178		-1			
179		-1			
180		-1			
181		-1			
182		-1			
183		-1			
184		-1			
185		-1			
186		-1			
187		-1			
188		-1			
189		-1			
190		-1			
191		-1			
192		-1			
193		-1			
194		-1			
195		-1			
196		-1			
197		-1			
198		-1			
199		-1			
200		-1			
201		-1			
202		-1			
203		-1			
204		-1			
205	Дробление Плоти	-1	1	1	3
206		-1			
207		-1			
208		-1			
209	Крио-Луч	-1	0	0	0
210		-1			
211		-1			
212		-1			
213		-1			
214		-1			
215		-1			
216		-1			
217	Свиток Идентификации	-1	0	0	0
218	Том Идентификации	-1	0	0	0
219	Свиток Городского Портала	-1	0	0	0
220	Том Городского Портала	-1	0	0	0
221		-1			
222		-1			
223	Ядовитая Вспышка	-1	2	1	3
224		-1			
225		-1			
226		-1			
227		-1			
228		-1			
229		-1			
230		-1			
231		-1			
232		-1			
233		-1			
234		-1			
235		-1			
236	Арена Молний	-1	0	0	0
237		-1			
238		-1			
239		-1			
240		-1			
241		-1			
242		-1			
243		-1			
244		-1			
245		-1			
246		-1			
247		-1			
248		-1			
249		-1			
250		-1			
251		-1			
252		-1			
253		-1			
254		-1			
255		-1			
256		-1			
257		-1			
258		-1			
259		-1			
260		-1			
261		-1			
262		-1			
263	Каратель	-1	0	0	0
264		-1			
265		-1			
266		-1			
267		-1			
268		-1			
269		-1			
270		-1			
271		-1			
272		-1			
273		-1			
274		-1			
275		-1			
276		-1			
277		-1			
278		-1			
279		-1			
280		-1			
281		-1			
282		-1			
283		-1			
284	Demon Blood	-1	0	0	0
285		-1			
286		-1			
287		-1			
288		-1			
289		-1			
290	Conviction	-1	0	0	0
291		-1			
292		-1			
293		-1			
294		-1			
295	Demon Blood	-1	0	0	0
296	Demon Blood	-1	0	0	0
297	Demon Blood	-1	0	0	0
298		-1			
299	Ядовитая Аура	-1	0	0	0
300		-1			
301	Призрачная Стрела	0	1	1	1
302	Шквал	0	1	2	1
303	Фаланга	0	1	3	1
304	Драконий Выстрел	0	1	5	1
305	Драконьи Сказания	0	1	4	1
306	Лунный Луч	0	1	1	3
307	Лунная Королева	0	1	4	3
308	Рикошет	0	1	2	3
309	Продольный Огонь	0	1	3	3
310	Сказочное Кольцо	0	1	5	3
311	Провал Лавы	0	2	5	3
312	Погребальный Огонь	0	2	2	3
313	Кровавая Буря	0	2	3	3
314	Магические Снаряды	0	2	1	3
315	Вакханалия	0	2	4	3
316	Подавление	0	2	1	1
317	Удар Гиены	0	2	2	1
318	Наскок	0	2	3	1
319	Львица	0	2	4	1
320	Великая Охота	0	2	5	1
321	Защитная Гармония	0	3	5	1
322	Призыв Огненных Элементалей	0	3	2	1
323	Баланс	0	3	3	1
324	Неистовый Экстаз	0	3	4	1
325	Свобода Дикой Природы	0	3	1	1
326	Удар Летучей Мыши	6	1	1	1
327	Распятие	6	1	2	1
328	Королева Лезвий	6	1	3	1
329	Бионетический Взрыв	6	3	3	1
330	Рок	6	1	5	1
331	Путь Паука	6	1	1	3
332	Убежище Теней	6	1	2	3
333	Барьерный Удар	6	1	4	1
334	Удар Двойного Клыка	6	1	3	3
335	Путь Феникса	6	1	5	3
336	Кассетная Бомба	6	2	1	3
337	Магнитный Лазер	6	2	2	3
338	Часовой Электрополя	6	2	3	3
339	Часовой Огненных Шаров	6	2	4	3
340	Сингулярность	6	2	5	3
341	Клинок Скорпиона	6	2	1	1
342	Штормовые Вороны	6	2	2	1
343	Ведьмин Ветер	6	2	3	1
344	APF-10 'Вихрь' N°IV	6	2	4	1
345	Залп	6	2	5	1
346	Скачок	6	3	1	1
347	Выброс Звезд	6	3	2	1
348	Лазерный Клинок	6	1	4	3
349	Псио-Шторм	6	3	4	1
350	Идеальное Бытие	6	3	5	1
351	Землятресение	4	1	1	1
352	Кровавая Ненависть	4	1	2	1
353	Раскат Грома	4	1	3	1
354	Камнепад	4	1	4	1
355	Удар Бури	4	1	5	1
356	Стойка Волка	4	2	5	3
357	Стойка Льва	4	2	1	3
358	Стойка Змеи	4	2	2	3
359	Стойка Медведя	4	2	3	3
360	Стойка Орла	4	2	4	3
361	Дух Стража	4	2	1	1
362	Дух Защитника	4	2	2	1
363	Дух Покровителя	4	2	3	1
364	Великие Олицетворения	4	2	4	1
365	Прогулка Духов	4	2	5	1
366	Волк-Спутник	4	3	1	1
367	Древняя Кровь	4	3	2	1
368	Крепость	4	3	3	1
369	Проводник Духов	4	3	4	1
370	Горный Король	4	3	5	1
371	Коготь Медведя	4	1	1	3
372	Натиск	4	1	2	3
373	Отскок	4	1	3	3
374	Кричащий Орел	4	1	4	3
375	Многократное Уничтожение	4	1	5	3
376	Форма Капканной Крысы	5	1	1	3
377	Буря Шипов	5	1	2	3
378	Яичная Ловушка	5	1	3	3
379	Свирепость	5	1	4	3
380	Стена Шипов	5	1	5	3
381	Слабое Место	5	3	1	1
382	Каскад	5	3	2	1
383	Цепной Выстрел	5	3	3	1
384	Эльфийские Орудия	5	3	4	1
385	Круговой Выстрел	5	3	5	1
386	Элементаль	5	2	1	1
387	Охотящаяся Банши	5	2	2	1
388	Языческие Обряды	5	2	3	1
389	Огненный Дождь	5	2	4	1
390	Леденящая Буря	5	2	5	1
391	Форма Сторожевого Древа	5	1	1	1
392	Избиение	5	1	2	1
393	Круг Жизни	5	1	3	1
394	Пожар	5	1	4	1
395	Идол Скосглена	5	1	5	1
396	Ядовитая Вспышка	5	2	1	3
397	Эльфийская Песнь	5	2	2	3
398	Аватар Чумы	5	2	3	3
399	Мифал	5	2	4	3
400	Призыв Кислотных Дьяволов	5	2	5	3
401	Призыв Теней	2	3	1	1
402	Призыв Рампагора	2	3	2	1
403	Призыв Ламии	2	3	3	1
404	Призыв Сокрытого Короля	2	3	4	1
405	Призыв Архонта Пустоты	2	3	5	1
406	Ангел Смерти	2	2	2	1
407	Жертвы	2	1	2	3
408	Паразит	2	2	4	1
409	Резня	2	2	1	1
410	Голод	2	2	3	1
411	Картечь	2	2	1	3
412	Хватка Когтя	2	1	5	3
413	Выстрел Вуду	2	2	5	3
414	Изгиб Теней	2	1	3	3
415	Лорд Смерти	2	2	5	1
416	Тотем Ярости Смерти	2	1	1	1
417	Огнехвостый Выстрел	2	2	2	3
418	Драконий Напалм	2	2	3	3
419	Фрагментационный Выстрел	2	2	4	3
420	Кричащий Тотем	2	1	4	1
421	Тотем Когтя Мороза	2	1	2	1
422	Бальзамирование	2	1	1	3
423	Тотем Сердца Огня	2	1	3	1
424	Погибель	2	1	4	3
425	Тотем Глаза Бури	2	1	5	1
426	Ответный Удар	3	1	1	1
427	Удар Молота	3	1	2	1
428	Меркаба	3	1	3	1
429	Львиное Сердце	3	1	4	1
430	Колизей	3	1	5	1
431	Ужасающий Удар	3	2	1	1
432	Черный Сон	3	2	3	1
433	Лярвы	3	2	2	1
434	Кровавые Шипы	3	2	4	1
435	Бич	3	3	5	1
436	Жгучее Сияние	3	1	1	3
437	Кольцо Света	3	1	2	3
438	Сера	3	1	3	3
439	Солнечный Шторм	3	1	4	3
440	Восход	3	1	5	3
441	Испорченная Кровь	3	2	1	3
442	Симфония Разрушения	3	2	3	3
443	Поджарка Мозгов	3	2	2	3
444	Убийца	3	2	4	3
445	Повелитель Бури	3	2	5	3
446	Сосуд Мудрости	3	3	1	1
447	Восторг	3	3	2	1
448	Свет и Тень	3	3	3	1
449	Священная Броня	3	3	4	1
450	Гимн	3	2	5	1
451	Залп Пламени	1	1	1	1
452	Живое Пламя	1	1	2	1
453	Удар Пламени	1	1	3	1
454	Пировзрыв	1	1	4	1
455	Огненный Танец	1	1	5	1
456	Снежная Королева	1	1	3	3
457	Дробление Плоти	1	1	1	3
458	Холодная Сфера	1	1	2	3
459	Бездна	1	1	4	3
460	Призыв Ледяных Элементалей	1	1	5	3
461	Зигзагообразная Молния	1	2	1	1
462	Громовой Камень	1	2	2	1
463	Буря	1	2	3	1
464	Искривленная Броня	1	2	4	1
465	Заряд Новы	1	2	5	1
466	Мстительная Сила	1	2	2	3
467	Лоренадо	1	2	1	3
468	Миазмы	1	2	3	3
469	Ковер Пауков	1	2	4	3
470	Рой	1	2	5	3
471	Лунный Удар	1	3	1	1
472	Хранитель	1	3	2	1
473	Тайный Поток	1	3	3	1
474	Сбор Маны	1	3	4	1
475	Буря Клинков	1	3	5	1
476	Проклятие Злой Феи	-1	0	0	0
477		-1			
478	Околдовывание	-1	3	4	3
479	Стойка Кракена	-1	0	0	0
480		-1			
481	Электрический Снаряд	-1	0	0	0
482		-1			
483		-1			
484		-1			
485	Respawner	-1	0	0	0
486	Respawner	-1	0	0	0
487	Respawner	-1	0	0	0
488		-1			
489		-1			
490		-1			
491		-1			
492	Стрела	-1	0	0	0
493		-1			
494		-1			
495	Засада	-1	0	0	0
496	Быстрота	-1	0	0	0
497		-1			
498	Коготь Торнадо	-1	0	0	0
499		-1			
500	Распятие	-1	1	2	1
501	Смерть Бога	-1	0	0	0
502		-1			
503	Энергетический Луч	-1	0	0	0
504		-1			
505		-1			
506		-1			
507	Шквал Дротиков	-1	0	0	0
508	Лягушачий Принц	-1	0	0	0
509	Лягушачий Принц	-1	0	0	0
510	Дар Быстроты	-1	0	0	0
511	Дар Внутреннего Огня	-1	0	0	0
512	Gift of Shadows	-1	0	0	0
513	Дар Диких	-1	0	0	0
514	Дар Покорения	-1	0	0	0
515	Святая Ловушка	-1	0	0	0
516	Ледяной Луч	-1	0	0	0
517	Огненный Всплеск	-1	0	0	0
518	Огненный Всплеск	-1	0	0	0
519		-1			
520		-1			
521	Буря	-1	2	3	1
522		-1			
523		-1			
524		-1			
525	Дух Боли	-1	0	0	0
526		-1			
527		-1			
528		-1			
529	Retribute	-1	0	0	0
530	Руна Льда	-1	0	0	0
531	Ржавая Буря	-1	0	0	0
532		-1			
533	Снаряд Убийцы	-1	0	0	0
534		-1			
535	Шипастая Нова	-1	0	0	0
536		-1			
537	Электрическая Ловушка	-1	0	0	0
538		-1			
539		-1			
540	Громовой Молот	-1	0	0	0
541	Громовая Волна	-1	0	0	0
542	Отложенный Удар	-1	0	0	0
543		-1			
544		-1			
545	Unshield Aura	-1	0	0	0
546	Self Weaken 2	-1	0	0	0
547		-1			
548		-1			
549		-1			
550		-1			
551	Темный Призыв	-1	0	0	0
552		-1			
553		-1			
554		-1			
555		-1			
556		-1			
557		-1			
558		-1			
559		-1			
560		-1			
561		-1			
562	Аватар Тени	-1	0	0	0
563	Изгнание	-1	0	0	0
564	Ударная Волна	-1	0	0	0
565	Демоническая Скорость	-1	0	0	0
566	Каскад Огня	-1	0	0	0
567	Волна Ледяного Пламени	-1	0	0	0
568	Обладание	-1	0	0	0
569	Полет Воронов	-1	0	0	0
570	Сердце Ворона	-1	0	0	0
571	Оковы Льда	-1	0	0	0
572	Тайфунный Часовой	-1	0	0	0
573	Коготь Торнадо	-1	0	0	0
574		-1			
575		-1			
576		-1			
577		-1			
578		-1			
579	Зигзагообразная Молния	-1	0	0	0
580	Спираль Смерти	-1	0	0	0
581		-1			
582		-1			
583		-1			
584		-1			
585		-1			
586		-1			
587	Conviction	-1	0	0	0
588	Околдовывание	0	3	4	3
589	Вампирский Символ	6	3	4	3
590	Бессмертный	4	3	4	3
591	Ягода Жизни	5	3	4	3
592	Черная Месса	2	3	4	3
593	Божественное Явление	3	3	4	3
594	Символ Эзу	1	3	4	3
595	Камнепад	-1	1	4	1
596		-1			
597		-1			
598		-1			
599	Осторожный Удар	-1	0	0	0
600	Жажда Крови	-1	0	0	0
601	Кураре	0	3	1	3
602	Идеал	0	3	2	3
603	Дух Возмездия	0	3	3	3
604	Маяк	6	3	1	3
605	Путь Грифона	6	3	2	3
606	Сингулярность	-1	2	5	3
607	Орудия Нефалемов	4	3	1	3
608	Повелитель Рун	4	3	2	3
609	Шаманский Транс	4	3	3	3
610	Сила Природы	5	3	1	3
611	Феерический Огонь	5	3	2	3
612	Сотрясение	5	3	3	3
613	Призыв Джинна	2	3	1	3
614	Избранник Ратмы	2	3	2	3
615	Опека Смерти	2	3	3	3
616	Воскрешение	3	3	3	3
617	Суперзверь	3	3	2	3
618	Чума	3	3	1	3
619	Хронополе	1	3	1	3
620	Кровь Ведьмы	1	3	2	3
621	Разящий Клинок	1	3	3	3
622		-1			
623		-1			
624	Фазовая Бомба	6	3	3	3
625		-1			
626	Живительная Кровь	-1	0	0	0
627		-1			
628	Клинок Скорпиона	-1	2	1	1
629	Теневая Буря	-1	0	0	0
630		-1			
631	Барьерный Удар	-1	1	4	1
632	Пентаграмма	-1	0	0	0
633	Вампирский Символ	-1	3	4	3
634	Засада	-1	0	0	0
635	Управляемая Цепь	-1	0	0	0
636	Серебряный Дротик	-1	0	0	0
637	Экзорцизм	-1	0	0	0
638		-1			
639		-1			
640		-1			
641		-1			
642	Рассеивание	-1	0	0	0
643	Сверхсила	-1	0	0	0
644	Дух Войны	0	3	5	3
645	Ментальный Крик	6	3	5	3
646	Бог Грома	4	3	5	3
647	Призыв Сторожевого Древа	-1	0	0	0
648	Кладбище	2	3	5	3
649	Благословенная Жизнь	3	3	5	3
650	Скрытая Ярость	-1	0	0	0
651		-1			
652	Золотой Телец	-1	0	0	0
653		-1			
654	Self Weaken 1	-1	0	0	0
655		-1			
656		-1			
657		-1			
658		-1			
659		-1			
660	Волна Силы	1	3	5	3
661		-1			
662		-1			
663		-1			
664		-1			
665		-1			
666	Метка Кровавого Оратора	-1	0	0	0
667	Лезвия Света	-1	0	0	0
668	Чемпионы Солнца	-1	0	0	0
669	Щит Молний	-1	0	0	0
670	Призыв Оверлорда	-1	0	0	0
671	Тотем Лича	-1	0	0	0
672	Кровавая Мэри	-1	0	0	0
673	Сердце Язычника	-1	0	0	0
674		-1			
675		-1			
676	Удар Херувима	-1	0	0	0
677		-1			
678		-1			
679		-1			
680	Супернова	-1	0	0	0
681		-1			
682		-1			
683	Призыв Трупа	-1	0	0	0
684	Рука Древних	-1	0	0	0
685	Shadowform	-1	0	0	0
686		-1			
687	Темная Сила	-1	0	0	0
688	Завоевание	-1	0	0	0
689	Подрезка	-1	0	0	0
690	Осторожный Удар	-1	0	0	0
691	Отложенный Удар	-1	0	0	0
692		-1			
693	Солнечное Копье	-1	0	0	0
694	Кольцо Смерти	-1	0	0	0
695	Теневой Клинок	-1	0	0	0
696	Нечестивая Броня	-1	0	0	0
697	Кошмар	-1	0	0	0
698	Покорение	-1	0	0	0
699	Катаклизм	-1	0	0	0
700	Дробление Плоти	-1	1	1	3
701	Ледяной Вихрь	-1	0	0	0
702	Ледяная Нова	-1	0	0	0
703	Замерзшая Корона	-1	0	0	0
704	Каскад Молний	-1	0	0	0
705	Воронка	-1	0	0	0
706	Кольцо Маны	-1	0	0	0
707	Цветок Смерти	-1	0	0	0
708	Лярвы	-1	2	2	1
709	Львица	-1	2	4	1
710	Сингулярность	-1	2	5	3
711	Осколки Смерти	-1	0	0	0
712	Очарование	-1	0	0	0
713	Псионическая Буря	-1	0	0	0
714		-1			
715		-1			
716		-1			
717		-1			
718		-1			
719		-1			
720		-1			
721		-1			
722		-1			
723		-1			
724		-1			
725	Призвать Темного Стража	-1	0	0	0
726		-1			
727		-1			
728		-1			
729		-1			
730		-1			
731		-1			
732		-1			
733	Кратер	-1	0	0	0
734		-1			
735		-1			
736		-1			
737		-1			
738		-1			
739		-1			
740		-1			
741		-1			
742		-1			
743		-1			
744		-1			
745		-1			
746	Барьер Лезвий	-1	0	0	0
747	Скрытая Ярость	-1	0	0	0
748	Маяк	-1	3	1	3
749		-1			
750		-1			
751	Каскад	-1	3	2	1
752		-1			
753		-1			
754	Громовая Волна	-1	0	0	0
755	Львица	-1	2	4	1
756	Лунная Королева	-1	1	4	3
757	Призыв Громового Медведя	-1	0	0	0
758	Землятресение	-1	0	0	0
759	Ожог	-1	0	0	0
760	Warp Crash	-1	0	0	0
761	Призыв Шокового Зверя	-1	0	0	0
762	Маяк	-1	3	1	3
763	Ужасающее Очарование	-1	0	0	0
764		-1			
765		-1			
766	Вулканический Поток	-1	0	0	0
767		-1			
768		-1			
769	Call Dark Nephalem	-1	0	0	0
770		-1			
771		-1			
772		-1			
773	Призыв Эдиремов	-1	0	0	0
774		-1			
775		-1			
776		-1			
777	Кровавая Вспышка	-1	0	0	0
778	Стойка Кракена	-1	0	0	0
779	Шипастая Нова	-1	0	0	0
780	Раскат Грома	-1	1	3	1
781	Ледяная Нова	-1	0	0	0
782		-1			
783		-1			
784	Залп	-1	2	5	1
785	Summon Torajians	-1	0	0	0
786	Жатва	-1	0	0	0
787		-1			
788		-1			
789	Апокалипсис	-1	0	0	0
790	Баланс	-1	3	3	1
791	Призыв Утренней Звезды	-1	0	0	0
792	Призыв Измельчителя	-1	0	0	0
793	Призыв Монстра Бедствия	-1	0	0	0
794		-1			
795		-1			
796	Жертвы	-1	1	2	3
797	Тотем Стены Мертвых	-1	0	0	0
798	Нова Ледышек	-1	0	0	0
799		-1			
800	Острые Иглы	-1	0	0	0
801		-1			
802	Судьба	-1	0	0	0
803	Дротик	-1	0	0	0
804	Крепость	-1	3	3	1
805	Леденящий Страх	-1	0	0	0
806	Бросок Ножа	-1	0	0	0
807	Вспышка	-1	0	0	0
808		-1			
809	Руна Огня	-1	0	0	0
810		-1			
811	Звезда Смерти	-1	0	0	0
812	Призыв Падшего	-1	0	0	0
813	Скрытая Ярость	-1	0	0	0
814	Живительная Кровь	-1	0	0	0
815	Эльфийские Орудия	-1	3	4	1
816	Огненная Канонада	-1	0	0	0
817	Охранная Башня	-1	0	0	0
818	Сбор Маны	-1	3	4	1
819	Восторг	-1	3	2	1
820	Тройная Нова	-1	0	0	0
821	Жертвы	-1	1	2	3
822	Greater Charm	-1	0	0	0
823	Flash Charm	-1	0	0	0
824	Метеоритный Дождь	-1	0	0	0
825	Обратный Отсчет	-1	0	0	0
826	Электрическая Пика	-1	0	0	0
827	Охотящаяся Банши	-1	2	2	1
828	Аватар Зимы	-1	0	0	0
829	Врата Житана	-1	0	0	0
830	Ожог	-1	0	0	0
831		-1			
832	Время Молота	-1	0	0	0
833	Кровавая Звезда	-1	0	0	0
834	Ледяная Нова	-1	0	0	0
835		-1			
836	Тройной Луч	-1	0	0	0
837		-1			
838		-1			
839	Кровавая Ярость	-1	0	0	0
840	Шоковый Цветок	-1	0	0	0
841		-1			
842		-1			
843	Суперзверь	-1	3	2	3
844		-1			
845		-1			
846	Survival of the Fittest	-1	0	0	0
847		-1			
848		-1			
849		-1			
850		-1			
851	Элементаль	-1	2	1	1
852		-1			
853	Гамма-Поле	-1	0	0	0
854	Темный Призыв	-1	0	0	0
855		-1			
856		-1			
857		-1			
858		-1			
859	Спиральный Танец	-1	0	0	0
860	Сингулярность	-1	2	5	3
861		-1			
862	Рысканье	-1	0	0	0
863		-1			
864		-1			
865		-1			
866		-1			
867		-1			
868		-1			
869		-1			
870	Призыв Грешника	-1	0	0	0
871	Призыв Лавины	-1	0	0	0
872	Призыв Светящегося Гриба	-1	0	0	0
873	Руна Маны	-1	0	0	0
874	Коготь Медведя	-1	1	1	3
875		-1			
876	Очищение	-1	0	0	0
877	Пороховая Бочка	-1	0	0	0
878	Атака	-1	0	0	0
879	Жизненный Щит	5	3	5	3
880	Залп	-1	2	5	1
881	Стойка Журавля	-1	0	0	0
882	Пороховая Бочка	-1	0	0	0
883	Воронка Холода	-1	0	0	0
884	Часовой ПАН	-1	0	0	0
885	Patriot Sentry	-1	0	0	0
886	Опустошение	-1	0	0	0
887	Беспощадный Удар	-1	0	0	0
888	Поле Шипов	-1	0	0	0
889	Бой Птиц	-1	0	0	0
890	Вспышка Гнева	-1	0	0	0
891	Море Крови	-1	0	0	0
892	Рука Древних	-1	0	0	0
893	Шаманский Транс	-1	3	3	3
894	Призвать Прихвостня	-1	0	0	0
895	Призвать Кровавого Голема	-1	0	0	0
896	Призвать Некробота	-1	0	0	0
897	Call Malthael	-1	0	0	0
898	Циклон	-1	0	0	0
899	Шквалистый Порыв	-1	0	0	0
900	Медуза	-1	0	0	0
901	Град Камней	-1	0	0	0
902	Шквальная Волна	-1	0	0	0
903	Туча Стрел	-1	0	0	0
904	Разгром	-1	0	0	0
905	Призыв Сирен	-1	0	0	0
906	Электрическая Опека	-1	0	0	0
907		-1			
908		-1			
909		-1			
910		-1			
911		-1			
912	Retribute	-1	0	0	0
913	Поле Шипов	-1	0	0	0
914	Каратель	-1	0	0	0
915	Щит Молний	-1	0	0	0
916	Супернова	-1	0	0	0
917	Пировзрыв	-1	1	4	1
918	Нечестивая Броня	-1	0	0	0
919	Королева Лезвий	-1	1	3	1
920	Охотящаяся Банши	-1	2	2	1
921		-1			
922	Наскок	-1	2	3	1
923	Живительная Кровь	-1	0	0	0
924	Обладание	-1	0	0	0
925	Шквал	-1	1	2	1
926	Божественное Явление	-1	3	4	3
927	Ударная Волна	-1	0	0	0
928	Ядовитый Дух	-1	0	0	0
929	Звездный Огонь	-1	0	0	0
930	Маяк	-1	3	1	3
931	Залп	-1	2	5	1
932	Суперзверь	-1	3	2	3
933	Звездный Огонь	-1	0	0	0
934	Стойка Волка	-1	2	5	3
935	Атака	-1	0	0	0
936	Сингулярность	-1	2	5	3
937	Атака	-1	0	0	0
938	Скачок	-1	3	1	1
939	Атака	-1	0	0	0
940		-1			
941	Атака	-1	0	0	0
942		-1			
943		-1			
944		-1			
945		-1			
946		-1			
947		-1			
948		-1			
949		-1			
950	РГЧ	-1	0	0	0
951		-1			
952		-1			
953		-1			
954		-1			
955		-1			
956		-1			
957		-1			
958		-1			
959	Call Scavengers	-1	0	0	0
960		-1			
961		-1			
962	Удар Смерти	-1	0	0	0
963	Дезинтегрирование	-1	0	0	0
964	Землятресение	-1	0	0	0
965	Свобода Дикой Природы	-1	3	1	1
966	Сотрясение	-1	3	3	3
967	Тотем Клыка Дьявола	-1	0	0	0
968	Вихрь	-1	0	0	0
969	Стрела Духа	-1	0	0	0
970		-1			
971		-1			
972	Охранная Башня	-1	0	0	0
973	Землятресение	-1	0	0	0
974	Звездный Огонь	-1	0	0	0
975	Retribute	-1	0	0	0
976	Сфера Аннигиляции	-1	0	0	0
977	Пистолет-пулемет	-1	0	0	0
978	Землятресение	-1	0	0	0
979	Аматоксин	-1	0	0	0
980	Удар Бури	-1	1	5	1
981	Львиное Сердце	-1	1	4	1
982	Спиральный Танец	-1	0	0	0
983	Путь Пламени	-1	0	0	0
984	Тело Спасителя	-1	0	0	0
985	Фазовый Щит	-1	0	0	0
986		-1			
987		-1			
988		-1			
989		-1			
990	Метеоритный Дождь	-1	0	0	0
991		-1			
992		-1			
993	Камнепад	-1	1	4	1
994	Слабое Место	-1	3	1	1
995		-1			
996		-1			
997	Леденящий Страх	-1	0	0	0
998	Замерзшая Душа	-1	0	0	0
999	Стена Молний	-1	0	0	0
1000	Жгучая Сфера	-1	0	0	0
1001	Дезинтегрирование	-1	0	0	0
1002	Ядовитый Дух	-1	0	0	0
1003	Внутренний Огонь	-1	0	0	0
1004	Аццкое Диско	-1	0	0	0
1005	Луч Смерти	-1	0	0	0
1006		-1			
1007		-1			
1008	Руна Льда	-1	0	0	0
1009		-1			
1010	Когти Ястреба	-1	0	0	0
1011	Спиральный Танец	-1	0	0	0
1012	Ледоворот	-1	0	0	0
1013	Метка Диких	-1	0	0	0
1014	Призвать Лепрекона	-1	0	0	0
1015	Thrill of the Hunt	-1	0	0	0
1016	Доминирование	-1	0	0	0
1017		-1			
1018	Очарование	-1	0	0	0
1019		-1			
1020		-1			
1021	Призыв Чернотелок	-1	0	0	0
1022	Взрывающийся Тотем	-1	0	0	0
1023	Метка Диких	-1	0	0	0
1024	Волна Феникса	-1	0	0	0
1025	Разделяющийся Огонь	-1	0	0	0
1026	Залп Грозы	-1	0	0	0
1027	Электростатический Шип	-1	0	0	0
1028	Лавина	-1	0	0	0
1029	Чурел	-1	0	0	0
1030	Поглощающая Туча	-1	0	0	0
1031	Изумрудная Тюрьма	-1	0	0	0
1032	Волна Времени	-1	0	0	0
1033	Режущий Клинок	-1	0	0	0
1034	Whammy	-1	0	0	0
1035	Встречный Пожар	-1	0	0	0
1036	Ионный Канал	-1	0	0	0
1037	Пси-Корона	-1	0	0	0
